7680 62412
91456 17359
67877 92775
78937 55061
70304 34149
5282 25121
1954 96213
11838 24503
20213 26860
16839 74698
42850 6862
89946 77071
22838 7738
90411 40647
8183 32187
40735 51537
93206 19681
19071 91621
15107 48490
54201 16090
96571 10798
90400 97781
83228 42020
54300 43821
34480 44450
54167 24313
22562 5421
14304 57346
96521 39695
77309 21624
5723 30907
14978 54852
61336 97056
8408 30470
60734 63862
65093 32701
15923 24339
99501 55588
63907 9171
10243 2915
46445 76234
34879 19086
84876 43365
96223 51833
2882 6722
62504 6849
58514 21960
10168 50192
59239 24938
29667 49082
70781 21688
89182 48678
96262 92728
32093 31068
23112 97472
66554 68961
86336 20766
2443 21923
45037 4043
94012 65104
81821 17471
22539 75606
8182 72824
41086 60824
59524 67114
17871 77564
45948 66068
46003 72461
39120 84621
34106 7831
93496 2752
98528 7382
57863 61590
98804 51063
6238 83269
42545 10269
97423 32471
87258 22735
3290 60686
49079 46760
19088 23031
94943 47834
54195 13194
98509 74646
48429 88352
10272 83694
59295 57954
91981 29963
76463 96047
91272 97508
5553 29010
39544 49777
41304 23086
66938 94275
72289 77676
18761 92889
58435 3261
44838 75873
1615 99630
7720 44412
54791 95123
31491 7946
13603 18355
57258 42999
4330 35020
93449 70675
26675 59427
19312 52118
36375 51492
51827 67662
62886 64179
86511 36356
46093 26216
48185 66727
26192 1146
90679 81035
27993 97295
37418 76251
75268 40002
47040 90016
27067 57961
52010 60127
64255 45730
6846 27139
89772 57901
45416 43451
50042 18808
88425 67676
17802 69053
89733 34275
54839 8091
31238 67577
8692 36234
89548 81028
36815 3231
64715 9105
58923 40129
13078 33199
75656 43601
45514 28315
61103 6865
52357 59699
16986 61962
58439 59293
41157 16686
99721 67852
57365 50324
55577 40339
22659 84457
22868 25615
81116 7373
85740 80218
23847 26347
16928 44325
56836 91168
6143 24190
46019 21732
8822 20295
30472 5853
81053 34772
1220 48337
66167 37463
7693 29877
75529 95508
7550 22392
15698 45402
80056 11234
30608 28368
179 86930
79530 33545
99787 90590
24657 6358
66572 46990
26012 69191
39249 87919
88162 71630
32357 43083
71695 97459
20960 65957
87887 73544
41905 12312
88302 65087
15959 93713
47148 65298
7279 5672
49502 90897
2046 79451
12761 56181
74676 39655
12681 29681
9773 86080
71057 51351
70445 58136
59354 1802
48645 49893
85006 32067
37682 34194
26746 61526
39233 9939
4344 11582
71686 32289
26838 28089
71122 76858
60939 63742
68649 18509
70912 58388
96241 26705
86640 26807
67406 10786
49659 54937
6544 91288
78276 44856
47288 17080
14314 23164
52988 41473
13149 57423
32111 86675
8305 27624
45031 60204
76789 74905
4228 46417
33949 79475
69320 17436
65555 93663
51367 50334
79021 6497
33116 86214
95824 30591
50925 7397
91571 98778
24735 92487
26516 95102
85349 68318
56894 41152
46609 68157
95270 91451
9536 12889
65467 85574
25314 98319
21871 33832
66254 71284
65284 17244
67216 72375
95688 66618
57714 96854
41589 73284
30315 78288
54628 64581
66670 49445
17098 54998
44923 56858
73006 82703
65913 77163
48942 35733
41452 82300
83575 86909
35273 67775
13617 23125
28602 23538
40243 86472
36775 8030
309 96086
14429 98858
99437 21782
62651 15434
51135 15656
10457 16517
88912 90464
61750 91125
44382 73870
61496 9025
82327 63338
94067 78615
128 10435
4146 23274
80848 40444
21767 5437
13582 42992
8641 54201
99848 78235
84995 60217
74048 41991
23273 25727
93225 92308
77765 68864
33109 98016
43500 59489
68522 43956
64825 60066
93372 84988
76492 21724
64743 36155
45544 76993
82045 40108
2614 49827
53426 52922
97862 26397
1196 73212
96150 67524
55933 34520
47306 33116
34413 73444
94371 67808
84469 76343
11700 35636
10983 16912
5375 17590
36057 19497
38308 29086
80691 28768
47334 58606
26267 22662
94 48682
79751 73843
31681 140
67925 82860
92211 58647
91366 67056
16073 81700
99201 85122
14124 87896
89805 48846
69023 49399
74662 68029
74174 48139
32184 35430
46842 42188
2736 39953
10696 47322
98769 89530
32482 79479
1331 75960
48677 82328
61395 15009
37364 7500
53680 23597
53304 22107
87445 16624
97480 77857
87441 84675
26468 12662
53265 24956
84601 56323
96946 38431
50434 39177
92323 64877
20192 94873
38952 22209
52868 72192
63315 1451
57070 66091
32027 66767
51198 51463
24441 48024
26716 47510
74202 4360
94670 99981
42594 78364
73518 15311
8858 60983
941 89051
50241 17729
34401 46121
86684 73345
36600 92956
1440 52144
24739 25406
7845 33087
73699 92721
8446 20178
10039 36484
16990 61009
12425 57088
25173 18481
1473 50941
32076 3823
82883 27857
43937 22063
19728 27379
13415 66765
73969 45265
64139 79143
52726 4691
30186 40041
30273 32881
13932 31955
48158 28321
92899 80263
97588 65894
45113 9403
11108 20573
39927 50567
5560 77563
51638 99776
43730 10911
59921 24992
31688 91089
36154 21111
59399 86757
80459 3753
40249 42934
64393 96858
45192 7120
50454 2195
37214 31836
54690 31206
87113 52838
3753 96650
39707 52729
14609 51835
95094 33430
13159 46416
2259 14182
63936 54249
54142 63916
54141 38598
26471 65320
93811 29268
28626 8604
91528 51015
74281 74284
83457 35777
54256 20636
43800 6395
48799 77096
4879 86786
35236 82210
61620 93071
72423 87373
3040 74673
39539 62879
25551 22084
23536 96331
42393 93799
54135 56507
81649 61348
58294 75935
77631 44073
63220 88533
46957 65570
57545 77672
48513 97559
79480 77309
54918 41291
31300 15127
92534 35504
65554 4790
83931 70304
38514 1582
91123 99398
42383 64342
83125 4534
52012 33767
72194 56120
79586 29049
97889 31099
32293 84216
10621 98114
46579 32816
97963 84258
69495 72218
85845 10004
49951 4856
56907 25847
4020 81711
53121 56650
90189 72626
11564 70742
61042 57997
9002 78949
65259 9545
53317 51917
84236 24866
57814 52539
88819 65946
48227 59252
98575 29596
86362 25040
48432 90322
67870 53298
20087 5393
18148 44218
16424 11341
50899 86264
86903 67509
12629 12201
40646 62263
34490 93905
38460 85354
62989 84220
54994 34252
71649 42383
41523 3361
69782 60711
90999 24302
41671 89797
51116 30992
42552 68214
33409 60446
21243 16523
25639 29023
75958 61748
25551 37424
25179 19860
93298 27874
91702 29026
18286 81278
44363 55933
89451 76141
4644 62109
41918 12087
7650 88808
87804 31141
47941 85627
27758 90370
68659 34785
50497 56621
85794 4679
67131 18387
74216 66200
74905 98053
79550 20986
56082 28964
1436 9733
93102 49553
36554 92550
12153 37666
36785 84390
7058 80758
10284 29860
68736 37390
29329 81028
53995 59628
8423 62222
74109 62422
33083 36950
9768 67212
26350 39415
16330 50072
81600 20508
15492 87472
16595 3660
88126 74637
64970 22389
22018 60379
10492 49712
93159 60601
96529 19949
71899 29266
39069 45503
2578 11242
2147 82458
55905 2500
48476 96669
50605 27397
51963 5520
39750 48471
29215 97805
85254 36743
36594 76336
7284 52309
19287 25001
12999 11821
47729 75011
76491 25826
64829 22395
40797 904
48288 84499
99071 75164
53452 83087
78039 68777
18634 18952
13467 68872
83217 79555
68701 81942
90339 1550
48602 78159
2962 99033
12632 50656
42224 21358
45913 81328
98088 10273
59765 71901
76392 86630
52332 26686
71240 80830
7101 44117
5803 77389
35468 45250
55212 10175
55327 48126
17040 36403
43100 91677
6469 4301
28373 44922
97787 68210
99081 35274
73749 65535
51543 19583
84257 45009
68767 19905
65564 3598
7781 75900
67639 94026
63221 24527
10797 92721
55574 12626
19607 57857
21048 63497
15350 73469
70039 93607
21478 70755
1870 6320
24519 37862
6070 61263
5214 31452
8265 9613
53506 77591
97162 41601
25154 62049
38572 42998
21894 5647
60026 18518
43329 81762
22933 99190
52472 1095
10769 79631
16201 25407
83287 3642
46285 12994
50368 58468
34869 19517
8041 11332
57410 86353
36566 16942
81176 1405
49743 20751
12024 98131
53146 28488
90243 36850
55748 96769
31372 98065
50517 20612
42365 85127
59252 37617
91308 47563
22695 12969
50933 78660
75355 22164
3773 47553
20982 73309
66195 46156
27484 97603
14277 57899
71229 138
15340 87820
43359 7772
18212 12816
44636 67234
36865 1354
98685 83509
49311 15741
32569 69962
77602 26458
73118 87546
95414 79129
9340 77115
57638 49288
65774 44785
34522 21631
79349 79118
67734 94686
62097 16179
99308 46507
22016 39232
61890 67143
72524 54456
17296 2443
61402 89629
29332 17577
36521 86299
59786 80839
13358 13126
88968 51798
50146 53308
52117 10202
99430 34580
20014 44236
93473 76507
1029 15174
23342 79695
61538 50080
29569 42624
76807 43846
65385 63657
42618 93397
52888 65160
79098 73129
68033 81384
72407 50178
57254 19001
64972 53906
9797 29877
27031 40021
80728 86116
78899 81493
94104 34156
71566 31046
35749 74846
20587 14391
53154 68999
66167 66218
38644 6067
56576 39503
2975 90090
82017 2715
7902 23914
40527 29029
16519 92261
56807 60884
47859 83151
67825 41474
68032 10977
43376 71861
51130 51026
69176 95482
59932 73460
76833 87297
87980 23527
36470 78147
27208 98709
77858 33203
50342 80335
23430 64798
1827 44988
28468 61062
61433 45560
21773 84699
13690 7754
51409 67422
80988 40955
4984 39871
12597 14947
79232 52377
57642 35735
5160 98268
66904 30865
7243 85254
44023 69396
58773 55371
20364 16481
72558 84291
51119 96212
15400 35052
44804 26919
6733 27869
32361 14353
2493 97533
13218 21235
92640 28031
66802 19558
45574 34511
51975 99600
93404 60011
69905 273
40369 15277
999 47781
6582 10179
99162 28299
43609 350
40743 62814
84128 48709
821 8812
29449 92231
86282 79593
63028 28555
41321 33299
24712 70831
84635 84512
31496 70171
86489 96276
43774 92085
3307 64782
84454 575
35568 67000
42476 96937
3389 83806
60845 245
7401 45532
17985 32999
46942 71042
4856 52127
81628 53324
90783 95160
38371 7697
60615 57729
16067 30235
54027 77069
83675 8130
6320 22198
22764 83531
34090 13588
32806 24332
64157 43344
92195 6919
12177 2187
38449 33165
61410 64719
11730 92703
51515 16103
93367 49137
3069 8993
36322 52719
5953 81670
56103 76157
93652 2621
86707 93269
74601 38982
89240 94147
21309 7755
93925 97609
316 35344
7148 89727
43825 59965
60189 59088
34798 37743
47221 4637
55130 25542
9519 48520
18400 49800
74739 52452
79666 19530
13714 21474
88338 10488
68630 32287
66345 69049
89275 45191
51949 50015
67390 2496
49558 43298
62584 8027
15843 57700
7559 76928
68237 4164
62702 40897
42955 38408
41469 7485
87162 58387
11173 37668
29295 7435
14082 96789
51711 10471
42373 44549
76689 91429
23078 67442
44986 49083
73474 9137
57396 30771
8451 75579
45857 58928
62068 20306
21483 23101
6629 31756
22118 42828
91081 63313
24344 400
83482 88239
33314 31116
14244 44601
91539 90615
50298 86170
18875 35592
34177 22515
38426 84517
13368 28009
502 25877
16691 56380
16782 92489
596 96657
5008 4064
72587 58114
41440 14735
5434 33321
60917 81686
98632 22451
44692 15996
88670 4594
30737 28343
21209 74594
95683 4213
60261 74548
74962 66062
1174 64565
98068 87236
35262 48271
47278 44209
80220 82823
51062 66751
51298 37548
30797 52172
237 49443
69373 78385
17494 27685
99527 81084
93812 84075
6528 69039
22687 75801
34177 6677
84449 84409
6710 41884
18521 86646
46296 42153
18297 9785
13578 87043
88571 38814
86501 20312
67440 28093
66603 88818
12735 84885
65212 41035
98184 87717
22438 99708
68699 40444
48680 77824
87382 15036
45663 97941
34996 63537
49877 22202
64824 51966
61377 60110
86411 42372
35033 96581
40800 33673
39949 64956
10764 28601
91125 50132
5321 1677
97103 47016
44988 78282
79265 30762
6228 2752
85606 20021
48674 29632
10486 67645
75404 23925
71776 86725
36227 92816
79346 39190
88329 28403
52036 74349
5773 91861
71972 80956
94166 64309
503 91582
8770 73840
32626 14839
36693 37920
44047 82784
85936 9592
10348 59962
22782 10763
78059 22450
94514 57319
33929 40414
47219 4924
11496 25912
56938 57924
3964 26953
16560 4044
29639 88411
96569 19985
17522 80053
78296 61416
9728 35501
70669 34142
53313 74529
92767 2782
67427 21038
92732 12142
19561 82705
89879 12766
14225 73120
30036 83117
89563 66586
29710 6778
82935 52605
88825 24381
8744 9897
55972 29916
35578 36892
35522 74507
34750 65729
10140 21373
93034 54469
84462 19229
3626 54901
94801 96647
35101 40410
52852 53726
53305 35698