1443 2598
4253 5418
9751 2095
3994 9878
1600 9863
3392 6272
9828 2440
9473 6572
5482 4760
177 7022
9119 9979
8989 6462
2750 2693
9670 1541
3219 3228
959 1423
1419 1881
679 8636
1739 5191
2238 1035
2657 2031
5876 9569
9658 3301
6873 2736
3254 7383
4768 8534
914 4536
1020 6205
1733 3109
7707 6813
9767 4070
3275 7707
7629 6748
2656 8700
8727 1505
6787 9432
697 8781
8334 6160
8710 335
3359 7038
8880 4229
1457 2081
3397 1945
3167 7626
5933 623
8001 8943
2752 9662
4733 797
4534 7743
136 5796
4933 5683
3639 2769
552 7802
1630 5020
6621 8724
9934 5242
3953 6298
1270 2220
6372 4014
1943 8334
7324 2417
6946 9578
3211 8005
2944 2081
5757 7692
8032 9670
6425 898
2250 6600
8152 38
1105 6701
1903 9139
6369 7184
7986 7729
5518 3070
6753 8272
2249 8685
4371 9621
2887 3726
9636 5860
1968 5196
9522 5598
5820 2884
1822 5331
6711 170
16 7094
1532 2588
4437 9617
5611 9917
6578 2725
4002 1522
6511 275
164 8170
8197 6783
3388 2346
2290 8094
4154 7752
4994 5202
3909 3937
3325 7214
7174 1084
9969 1067
7299 411
3827 8227
3188 4504
741 6083
5157 7493
4977 6921
6162 1719
245 7922
1572 3490
3056 7242
7830 7571
6373 882
949 8966
9190 5911
7781 2968
7341 9923
4554 539
4997 5153
85 2268
1561 3495
3614 8256
4736 1044
479 5205
43 1039
6667 9174
7415 8696
5916 5456
7035 2189
3426 5430
5049 37
2243 6531
9179 3765
1884 5950
7898 9950
1161 2493
703 3088
2564 9132
956 9947
7425 2426
6308 7361
3070 5715
7634 6286
1794 5818
5615 4793
453 9920
3176 7560
5980 6086
5932 4958
5168 715
5811 9668
7000 517
8400 9962
4157 3494
9203 9840
9372 6966
6284 1306
3131 121
7970 3302
1194 9607
4736 874
4096 4100
9603 6230
1990 7072
8236 6538
6218 1519
4258 6413
2677 1058
9229 4799
231 4244
9473 1519
9467 1739
2308 1959
4351 7161
141 1878
545 267
1395 2339
4798 2181
3184 3277
2069 6960
4592 981
6477 9688
1042 5200
1311 1711
5672 1410
6193 498
9618 7434
9288 7395
5168 5664
3498 2362
3420 6275
3748 6750
4445 7310
8794 630
6398 7217
78 5762
3488 1450
3384 7554
1531 1271
2012 2816
2197 4202
9182 344
5221 8182
704 7115
4511 2481
4068 6873
984 8069
1119 1946
2279 9236
1371 9680
4977 4296
2774 610
9857 9778
9670 9117
8120 5719
2528 1726
3149 8954
3974 5643
8323 3629
1746 8973
6530 4694
5616 3017
2013 6260
8260 8559
1806 106
1762 5256
508 3869
9031 9405
9949 9473
7131 6736
703 6791
3041 1379
2537 7550
6942 2154
5485 2243
9426 7391
6632 9891
2364 9945
6475 2427
5665 5482
4131 5622
6129 8551
5174 238
5280 3471
1622 6022
3913 9840
9331 537
1106 4899
5815 93
7673 7418
9270 5377
1387 700
7867 5203
6595 3530
5556 2645
9500 6271
656 4817
453 2942
3221 9071
5931 1170
4407 1524
2622 7104
6527 5135
9944 2023
402 1028
7979 292
2215 7200
52 2263
1913 4037
7894 7163
2484 5178
4843 8400
2936 62
7581 8070
8039 4996
8625 4545
5548 9192
3359 6358
7303 8912
2943 8906
236 786
4761 9901
543 8291
5548 5286
1354 6937
4459 7872
8713 2029
8869 6873
369 1008
5335 5480
8316 2651
4441 976
7348 6103
3514 2272
3680 9674
5497 2511
2483 2777
3815 9883
3094 8136
5712 9530
2018 7895
1261 4588
5737 6832
6372 7955
6937 87
5050 2660
7568 759
9417 6641
2236 268
7278 7560
9754 7823
6356 8330
7460 9658
4026 2694
6045 1451
2909 5948
4482 6605
1334 9338
8065 7497
8603 8471
1202 3058
7469 3503
8523 9020
3068 8353
96 155
9309 2091
8193 9727
4040 3741
5321 3451
7375 7746
9397 1034
7073 629
1507 8631
641 7084
5141 2301
4869 9915
7921 8270
4244 1890
7915 402
4878 451
2161 9946
1710 7847
8109 4076
3174 552
3229 2323
5307 6669
3652 2226
5632 8044
816 2400
1454 9202
7685 2423
3678 1729
2184 4160
799 8093
5041 1078
1980 9825
9706 9163
1133 5653
5233 8021
7346 3793
7997 7364
6224 9867
9672 9071
30 339
1167 4700
6741 9157
9196 444
8852 1510
3256 1745
1401 2941
9275 6793
6710 3576
9287 6800
7627 9867
8082 9545
7223 9052
9711 373
291 5984
2672 1068
4459 8988
441 9064
3820 8372
4676 9653
8669 1757
9275 9369
6167 3386
329 9712
6014 2746
6326 58
3086 3263
96 5574
484 4997
7518 5954
7107 3761
9530 4773
462 1698
9158 7378
9728 5830
5245 1203
9874 1051
2222 8888
