631 563
880 955
247 563
192 408
235 705
274 541
51 616
976 624
649 316
965 343
306 365
342 106
859 256
931 549
559 424
298 144
555 17
787 986
854 946
545 7
235 843
677 967
726 25
691 588
615 428
825 643
459 88
48 813
835 587
736 921
117 343
808 4
931 172
243 960
827 911
986 890
767 788
800 437
550 26
274 891
209 132
777 450
634 108
687 107
122 541
2 166
132 944
484 969
97 150
782 623
440 191
660 270
850 186
225 995
33 940
383 684
762 115
38 136
616 895
275 49
517 308
821 857
838 192
3 748
841 670
738 788
464 270
945 301
57 685
984 958
47 349
365 967
216 598
872 202
455 674
43 548
214 94
408 258
656 311
309 437
669 893
301 909
952 177
556 218
916 716
25 968
916 588
847 399
863 546
821 785
367 24
39 723
91 703
9 372
838 938
536 918
632 41
209 621
298 220
355 853